28 39.8819 24.9146 
-42 32.5221 -14.9808 
30 -39 36.489 -19.8783 
43 2 44 -22.5219 3.5152 -46.7703 
-33 -44 -29 41.2112 17.1531 0.209961 25.0748 
-43 -26 38.9634 -4.13458 
1 -29 8.70871 19.8903 
-44 41.4136 48.3353 
38 48 39 46.5226 20.3163 49.9728 
41 36 38 -20.4765 13.2315 -24.2379 
35 29.2652 40.4348 
33 -5.9292 -33.2412 
19 12.9082 26.812 
34 16 12.8841 12.8931 
-39 43 -27 14.2134 14.2527 44.2022 -24.7032 
22 -5 -12 -47.9818 7.54251 27.7576 46.2869 
34 -11 -13.0412 -10.4369 
-26 -42 3.79919 2.59372 39.4891 
9 3 -26.3498 38.5132 -47.7311 
15 48 -19.5067 -23.3466 
-44 27.6489 -10.9686 
-2 -11 1.2674 -37.1447 -29.1535 
11 -8 10.3372 8.05008 
-30 -31 46.5195 16.4189 31.9692 
11 14 30 3.83545 -3.21008 45.0119 
41 -12 37 28.7274 -22.5823 -12.6031 
-17 0.832336 3.2886 
-46 -2.25839 12.9264 
12 -7.27969 14.4944 
-25 -24 -33.634 -1.33994 
9 -43 -17.3555 3.99557 
8 -15 -46.0422 23.4916 12.7209 
-4 6 37 -44.4107 -38.329 45.0754 20.132 
30 41 -35.9513 29.7094 
10 33.3711 0.321747 
0 11 23 -5.77814 -22.6004 -11.0109 6.33704 
41 12 16 -4.61496 39.8909 1.55743 
6 25 -47 -27.3045 41.2354 3.4306 
-42 28 -47.5558 5.74789 
-13 25.6971 40.6311 
-5 17.6244 49.8006 
-4 -43 13.6001 39.1296 -43.4228 
-39 -8 41 -1.69946 -39.1357 7.8114 
-12 20 18.3102 1.73569 
-48 -44 -48 -0.916962 13.6998 41.601 
37 -47 -4.16177 1.8233 0.965271 
-15 -33 -21 36.6582 44.743 -42.2143 
0 47 32 28.0114 -25.9842 11.1197 
-39 25 -13.9778 42.9182 
-35 -25 -27.1564 9.92929 
-29 -44 26 1.77798 42.0541 14.5095 
-47 17 -13 -10.4188 28.5129 -37.7429 
12 20 -26.7093 11.1801 
-36 -32.6823 16.5972 
4 28 0 47.2507 34.356 -21.9599 
-26 27 21.3133 -1.43661 0.388214 
39 33 1 0.542297 -26.3649 17.3434 
12 26 7 -10.0955 26.0446 24.2953 7.05307 
-40 2 18 31.3771 21.2318 16.9446 
-10 -11 -13 29.2682 49.4078 22.5097 -9.57886 
44 -0.460754 1.73569 
-13 0 -12.7602 15.0745 -19.0263 
37 -8 40 33.8062 -14.9023 24.4705 
7 25 -13 15.8539 6.02283 3.12848 
8 -3 -16 -44.8941 10.319 -22.1865 -18.5489 
-11 -42 3 26.9751 30.1505 24.2892 
-28 39 -39.0299 30.4133 -5.66635 
-39 46 42.32 -5.47299 
-34 2.68738 6.38235 
-43 -1 21.0082 -40.1024 -44.5165 
-2 24 11 -39.0057 -5.11044 -7.34918 41.7943 
48 -10 -9.0441 -5.84763 -20.9478 
-24 14 49.3625 20.9508 
-34 -45 41 -4.47598 -22.5098 16.1379 -12.7784 
38 9 -46 -5.95639 -6.30988 10.3885 21.5278 
-33 -38 35 2.79614 28.4555 -41.2415 
-42 12 23 -34.7126 -2.07712 -44.3231 25.2681 
23 31.3015 -13.6696 
34 -41.8608 -42.036 
-26 -1 -18 2.72665 -9.70877 -11.9324 18.6395 
-9 -11 6 31.5674 49.6979 -26.3679 
-42 -23 18 6.20712 0.351959 20.4644 
14 -36 34.1415 -7.98364 
-29 -26 -45 -46.6374 -13.0291 -4.23428 
8 -48 16 -20.9478 16.8812 -36.5223 31.368 
35 -42 -16.2346 -7.65433 48.2265 
3 -42 31.4284 -40.5979 
0 19 38 -5.58478 39.5677 6.9292 
14 -2 16 -42.462 32.4889 39.1477 
4 -24 40 22.4856 1.15561 6.26755 -27.2773 
33 -32.7004 -35.6038 
39 -29 13.5125 -2.98651 
-8 -20 -26 16.5065 -19.2952 -38.6492 -12.3584 
-36 23 -3.43365 33.5645 -7.7359 
-26 26 -44 1.01663 -9.68762 -46.4622 
22 44 -23.2258 29.6399 -46.7462 
1 20 -18 -8.79031 18.7694 -27.3709 
11 11 -25 48.7613 -4.97751 42.4288 
29 -36 35.4648 49.8399 
-24 35 -10 48.0634 -38.3199 13.1953 32.5463 