-25.1352 39 -22 -23.5763 
-36.4256 -18 49.3353 
2.83844 -4.76904 -35 -5 24 -27.2289 -47.6314 
11.452 -21.117 -24 
-6 10.0683 13.8539 
18.3072 35.9482 -31 18 -11 43.0995 
-15.6364 -37 28.803 -29.3347 6 -47 
-36.0026 -35.0932 29 
40.1357 -13.73 -21 -25 -1.9321 
48 -47.0694 49 -22.4765 30.093 -35.767 -31 
-41.4197 -42.6886 21 -35 
-30.788 18.6879 -32 1 
11 -11.0834 10 12.4218 33.7427 30.3891 18 
-15.1953 3 38.2474 
13.7542 30 29.3438 0 16 -45.4591 
-22 10 -26.6005 -22.2046 -29 -8.24649 -0.412415 
-46.296 29 6 13.6817 47.7733 
18.7151 -8 26.099 
-47.6616 -5 -23 34.5584 
40 -12.8358 42.7218 -41 -0.611816 
7.15277 -14 -6.70264 -12.0895 -13 
-29.4707 -46.7703 47 
13 13.0804 -16 -33.7548 18.0383 
44.1146 25 19 -39.468 
-4 30.5281 -17.2649 
1.69641 -43.6947 34 
25.5038 -30.226 -20 
33 15.4128 39.5042 -30 -2 19.6426 -8.91116 
39 -22.8451 43.7944 
-39.6855 49 -40 3.38831 18.9688 
43 -37.1447 -9 -21.0475 42.9303 
-0.66922 2.85355 -35 -16.7362 29 
-31.3741 32.9542 -22 
23.5702 -10 -48 -48.4773 
-20.8179 4 4.14966 
29.0054 17.8208 -30 
-19.0202 12.8508 1 -8 -21 -40.8245 41.7611 
-18.9659 28.803 4.64212 -38 15 45 
-19.6698 -12 -34 -13.2376 
17.7603 10 -6 49 -38.2172 -15.7573 
44.8095 -45 31 27.7758 
17.0413 -40.1568 -39 
24.5158 27.4918 -13 48.5921 -7 
38.4981 -39 25 43.2505 -0.225098 0 
40.9695 -28 -28.3468 35 27.0053 
8.10446 -19 24.1231 
-1.84448 -35.0811 22 -13 
-21.5248 44.9968 8 44.8941 -10 
-23 33 -46.3957 29.4042 36.8274 
-23 -18.4643 -39 -29 -11.4641 2.37619 